%YAML:1.0

# camera instrinsic
model_type: "pinhole"
camera_name: camera
image_width: 752
image_height: 480
projection_parameters:
   fx: 458.654
   fy: 457.296
   cx: 367.215
   cy: 248.375
distortion_parameters:
   k1: -0.28340811
   k2: 0.07395907
   p1: 0.00019359
   p2: 1.76187114e-05

